{
  "camera_angle_x": 1.1437336080690987,
  "camera_angle_y": 1.7042626974863144,
  "fl_x": 1678.0466374875716,
  "fl_y": 1679.4406576386223,
  "k1": -0.002017720020865993,
  "k2": 0.00013089689268253174,
  "k3": 0,
  "k4": 0,
  "p1": 0.0003975461741866236,
  "p2": -1.235232732947409e-05,
  "is_fisheye": false,
  "cx": 1080.4752485971933,
  "cy": 1907.1123182618305,
  "w": 2160.0,
  "h": 3840.0,
  "aabb_scale": 16,
  "frames": [
    {
      "file_path": "./data\\mill19_lab\\images/0002.jpg",
      "sharpness": 28.813149715448564,
      "transform_matrix": [
        [
          -0.996101374089922,
          -0.02344321986128062,
          -0.08504391801306159,
          -0.5693539869372017
        ],
        [
          -0.08513953233190136,
          0.0031092545724185215,
          0.9963641867160431,
          5.367125816659286
        ],
        [
          -0.023093561500151714,
          0.9997203348891428,
          -0.005093077527324826,
          0.3741315111920218
        ],
        [
          0.0,
          0.0,
          0.0,
          1.0
        ]
      ]
    },
    {
      "file_path": "./data\\mill19_lab\\images/0004.jpg",
      "sharpness": 47.33346741546487,
      "transform_matrix": [
        [
          -0.9989777784744208,
          -0.03794325622767463,
          -0.024570458552075274,
          -0.2629614663446852
        ],
        [
          -0.025300834958658883,
          0.018890432983945497,
          0.9995013853377526,
          5.330872287510945
        ],
        [
          -0.03746019056312325,
          0.9991013266234992,
          -0.019831118840332278,
          0.3780636860836745
        ],
        [
          0.0,
          0.0,
          0.0,
          1.0
        ]
      ]
    },
    {
      "file_path": "./data\\mill19_lab\\images/0001.jpg",
      "sharpness": 50.23080632519195,
      "transform_matrix": [
        [
          -0.9910049492875698,
          -0.0111770574858523,
          -0.13335765402033178,
          -0.6592404124660834
        ],
        [
          -0.13330895858486877,
          -0.004997391672884007,
          0.9910619292645131,
          5.384868595077095
        ],
        [
          -0.011743596585145632,
          0.9999250469283916,
          0.003462437987874371,
          0.3711657541198198
        ],
        [
          0.0,
          0.0,
          0.0,
          1.0
        ]
      ]
    },
    {
      "file_path": "./data\\mill19_lab\\images/0003.jpg",
      "sharpness": 57.518311243088554,
      "transform_matrix": [
        [
          -0.9986089057707068,
          -0.03663477269508071,
          -0.03792290544405649,
          -0.4057607008955324
        ],
        [
          -0.03840020588477362,
          0.012413802328781209,
          0.9991853290054663,
          5.362155240358201
        ],
        [
          -0.036134159956459064,
          0.999251615437093,
          -0.013803316374031035,
          0.38929346950313987
        ],
        [
          0.0,
          0.0,
          0.0,
          1.0
        ]
      ]
    },
    {
      "file_path": "./data\\mill19_lab\\images/0011.jpg",
      "sharpness": 46.48704788735943,
      "transform_matrix": [
        [
          -0.9780576797322007,
          -0.06639498368886768,
          0.19747121630791115,
          0.9846398677958859
        ],
        [
          0.19843804025394815,
          -0.008230771876519145,
          0.9800788736497191,
          4.7555870976976635
        ],
        [
          -0.06344698029616766,
          0.9977594702870988,
          0.02122546008986511,
          0.40144473802812736
        ],
        [
          0.0,
          0.0,
          0.0,
          1.0
        ]
      ]
    },
    {
      "file_path": "./data\\mill19_lab\\images/0010.jpg",
      "sharpness": 41.02318576279762,
      "transform_matrix": [
        [
          -0.9847286690582595,
          -0.06161165534114729,
          0.16282951904731405,
          0.7899599708125647
        ],
        [
          0.16333425220078052,
          -0.003212465346739637,
          0.9865655589591706,
          4.804871155128306
        ],
        [
          -0.06026085300267291,
          0.9980950275423881,
          0.013226700377289215,
          0.3832534266113601
        ],
        [
          0.0,
          0.0,
          0.0,
          1.0
        ]
      ]
    },
    {
      "file_path": "./data\\mill19_lab\\images/0009.jpg",
      "sharpness": 47.16225075385811,
      "transform_matrix": [
        [
          -0.9920636266415084,
          -0.0604843994195071,
          0.11023338030771881,
          0.592124182760661
        ],
        [
          0.11033794319762316,
          0.0016186661360511748,
          0.993892810221943,
          4.868446046750923
        ],
        [
          -0.06029344075340684,
          0.9981678302565765,
          0.0050679044302391965,
          0.3901471283912004
        ],
        [
          0.0,
          0.0,
          0.0,
          1.0
        ]
      ]
    },
    {
      "file_path": "./data\\mill19_lab\\images/0006.jpg",
      "sharpness": 58.37886415160588,
      "transform_matrix": [
        [
          -0.9981373588208509,
          -0.05979415190979879,
          0.012102575586666758,
          0.04701430434347674
        ],
        [
          0.010558577557417022,
          0.026070715967991636,
          0.9996043388305661,
          5.1407427160810775
        ],
        [
          -0.06008601649632992,
          0.9978702206091808,
          -0.025390814388440174,
          0.38659917503803026
        ],
        [
          0.0,
          0.0,
          0.0,
          1.0
        ]
      ]
    },
    {
      "file_path": "./data\\mill19_lab\\images/0008.jpg",
      "sharpness": 46.900064422506276,
      "transform_matrix": [
        [
          -0.9947087659803241,
          -0.06660268479313858,
          0.07822118173841458,
          0.4309611130036959
        ],
        [
          0.07767361565985623,
          0.010775565531521673,
          0.9969206069782157,
          4.999653591870242
        ],
        [
          -0.06724046642012978,
          0.997721388754466,
          -0.005545278152063247,
          0.3895012590075434
        ],
        [
          0.0,
          0.0,
          0.0,
          1.0
        ]
      ]
    },
    {
      "file_path": "./data\\mill19_lab\\images/0022.jpg",
      "sharpness": 43.60780369534839,
      "transform_matrix": [
        [
          -0.7940572805882161,
          -0.047532439358923366,
          0.6059816023327317,
          2.2387241004651686
        ],
        [
          0.6075609375686837,
          -0.031701215622909874,
          0.793640182997752,
          3.4832031658514033
        ],
        [
          -0.01851330043207909,
          0.9983665159393765,
          0.05405143449070252,
          0.39811557410971016
        ],
        [
          0.0,
          0.0,
          0.0,
          1.0
        ]
      ]
    },
    {
      "file_path": "./data\\mill19_lab\\images/0012.jpg",
      "sharpness": 57.961238062775486,
      "transform_matrix": [
        [
          -0.9746032275990107,
          -0.06729267737805268,
          0.21358896117822085,
          1.1276636153121093
        ],
        [
          0.21478672290204393,
          -0.01101297391951516,
          0.9765988828943346,
          4.637722941755824
        ],
        [
          -0.06336570389542295,
          0.9976724963579287,
          0.025186853576759632,
          0.3864972378752471
        ],
        [
          0.0,
          0.0,
          0.0,
          1.0
        ]
      ]
    },
    {
      "file_path": "./data\\mill19_lab\\images/0014.jpg",
      "sharpness": 36.60152235114833,
      "transform_matrix": [
        [
          -0.9498543228650174,
          -0.04857799897772782,
          0.30889633109227194,
          1.4229354268950183
        ],
        [
          0.30922250863034806,
          0.0008395404403809824,
          0.9509893455387483,
          4.437736238876062
        ],
        [
          -0.046456490417248565,
          0.9988190392656168,
          0.014223969591619584,
          0.39608539951260163
        ],
        [
          0.0,
          0.0,
          0.0,
          1.0
        ]
      ]
    },
    {
      "file_path": "./data\\mill19_lab\\images/0007.jpg",
      "sharpness": 49.60883956580356,
      "transform_matrix": [
        [
          -0.9966191923173826,
          -0.06819181518687842,
          0.04582643187586579,
          0.2504488407322928
        ],
        [
          0.044551670164494926,
          0.020099386965936526,
          0.9988048674937263,
          5.092483292937612
        ],
        [
          -0.06903140011942785,
          0.9974697444020177,
          -0.016993375545942185,
          0.3996306536784013
        ],
        [
          0.0,
          0.0,
          0.0,
          1.0
        ]
      ]
    },
    {
      "file_path": "./data\\mill19_lab\\images/0005.jpg",
      "sharpness": 57.226078919816295,
      "transform_matrix": [
        [
          -0.9988832598617954,
          -0.044925212983101835,
          -0.014627317546399435,
          -0.10532964077851004
        ],
        [
          -0.015716089775554925,
          0.023978388289500763,
          0.9995889362218942,
          5.221750237706443
        ],
        [
          -0.04455600635555933,
          0.9987025393708447,
          -0.024657659341276776,
          0.3883879695469092
        ],
        [
          0.0,
          0.0,
          0.0,
          1.0
        ]
      ]
    },
    {
      "file_path": "./data\\mill19_lab\\images/0021.jpg",
      "sharpness": 32.52276100367064,
      "transform_matrix": [
        [
          -0.8162156496109046,
          -0.039332590393539625,
          0.5764069401694348,
          2.162291684529661
        ],
        [
          0.5776275995360827,
          -0.035242829506949826,
          0.8155392689641254,
          3.5740826943565196
        ],
        [
          -0.011763060496998634,
          0.998604471406765,
          0.05148533875269766,
          0.4038147295567328
        ],
        [
          0.0,
          0.0,
          0.0,
          1.0
        ]
      ]
    },
    {
      "file_path": "./data\\mill19_lab\\images/0015.jpg",
      "sharpness": 42.72612236709492,
      "transform_matrix": [
        [
          -0.9313648080999668,
          -0.037990749802595494,
          0.3620998442068929,
          1.6030777967543695
        ],
        [
          0.36244076408179765,
          -0.002264994358239652,
          0.9320040570364342,
          4.335691127018484
        ],
        [
          -0.03458737884162698,
          0.9992755239383753,
          0.015878932422302473,
          0.4019674528471334
        ],
        [
          0.0,
          0.0,
          0.0,
          1.0
        ]
      ]
    },
    {
      "file_path": "./data\\mill19_lab\\images/0016.jpg",
      "sharpness": 38.288398074993665,
      "transform_matrix": [
        [
          -0.9137289485215029,
          -0.035822320640923874,
          0.40474210306069525,
          1.7206976854328757
        ],
        [
          0.40518829406611645,
          -0.00589810201944274,
          0.9142142302241698,
          4.195474675608823
        ],
        [
          -0.03036206507416975,
          0.9993407695820218,
          0.01990405154648334,
          0.39209191799932014
        ],
        [
          0.0,
          0.0,
          0.0,
          1.0
        ]
      ]
    },
    {
      "file_path": "./data\\mill19_lab\\images/0019.jpg",
      "sharpness": 35.58473523809815,
      "transform_matrix": [
        [
          -0.8494075975780352,
          -0.03417904036727653,
          0.5266294013712013,
          2.040194695707838
        ],
        [
          0.5275134173238512,
          -0.025919970361284062,
          0.8491511936515167,
          3.8101023605186333
        ],
        [
          -0.015372954450813879,
          0.9990795505605923,
          0.04004652213886405,
          0.40074362345207515
        ],
        [
          0.0,
          0.0,
          0.0,
          1.0
        ]
      ]
    },
    {
      "file_path": "./data\\mill19_lab\\images/0023.jpg",
      "sharpness": 35.28743533901475,
      "transform_matrix": [
        [
          -0.7760642721325578,
          -0.05546408272496583,
          0.6282101408439288,
          2.3609330234137
        ],
        [
          0.630215326942967,
          -0.031065096586770292,
          0.7757986861681561,
          3.376386139077182
        ],
        [
          -0.023513553805445127,
          0.9979773020033285,
          0.05906282659944556,
          0.4098710292952959
        ],
        [
          0.0,
          0.0,
          0.0,
          1.0
        ]
      ]
    },
    {
      "file_path": "./data\\mill19_lab\\images/0020.jpg",
      "sharpness": 33.301450961109694,
      "transform_matrix": [
        [
          -0.8331416773776902,
          -0.034382938261775776,
          0.5519898178273609,
          2.1010061783348277
        ],
        [
          0.5529742381183634,
          -0.03425009257138544,
          0.8324940979588266,
          3.6911207954547183
        ],
        [
          -0.009717890814361673,
          0.9988216781426231,
          0.047548058664841374,
          0.3949888596964877
        ],
        [
          0.0,
          0.0,
          0.0,
          1.0
        ]
      ]
    },
    {
      "file_path": "./data\\mill19_lab\\images/0018.jpg",
      "sharpness": 32.12298635169058,
      "transform_matrix": [
        [
          -0.8698989121125925,
          -0.03824693823034098,
          0.49174490788786,
          1.9379343374466393
        ],
        [
          0.49249403624358573,
          -0.012909166065081742,
          0.8702200742892682,
          3.9342580272971652
        ],
        [
          -0.02693523675056159,
          0.9991849304106961,
          0.030066058499315092,
          0.39718284859574765
        ],
        [
          0.0,
          0.0,
          0.0,
          1.0
        ]
      ]
    },
    {
      "file_path": "./data\\mill19_lab\\images/0013.jpg",
      "sharpness": 47.01340274509312,
      "transform_matrix": [
        [
          -0.9668149206676814,
          -0.06162074057086192,
          0.24793505907424754,
          1.2604152480219657
        ],
        [
          0.2485777201894345,
          -0.0028698278146792175,
          0.9686077023820068,
          4.516557843601786
        ],
        [
          -0.0589747930146548,
          0.9980955106762746,
          0.018092135558468433,
          0.3981832560885031
        ],
        [
          0.0,
          0.0,
          0.0,
          1.0
        ]
      ]
    },
    {
      "file_path": "./data\\mill19_lab\\images/0017.jpg",
      "sharpness": 44.19442630567054,
      "transform_matrix": [
        [
          -0.893381798585604,
          -0.03867411224228202,
          0.44763073510487417,
          1.8257702716875195
        ],
        [
          0.4482087390294016,
          -0.007371093385650958,
          0.8938985363227681,
          4.05673033143629
        ],
        [
          -0.03127120437621265,
          0.9992246894652332,
          0.023919275747610037,
          0.3989758722397428
        ],
        [
          0.0,
          0.0,
          0.0,
          1.0
        ]
      ]
    },
    {
      "file_path": "./data\\mill19_lab\\images/0024.jpg",
      "sharpness": 39.21935376471644,
      "transform_matrix": [
        [
          -0.7643136873205103,
          -0.06165204120316917,
          0.6418906551760318,
          2.463881691920159
        ],
        [
          0.6441429908500506,
          -0.02657203470186118,
          0.7644434147211736,
          3.2535139025191806
        ],
        [
          -0.030073156137743164,
          0.9977439314772097,
          0.06002210003520798,
          0.4058459232093836
        ],
        [
          0.0,
          0.0,
          0.0,
          1.0
        ]
      ]
    },
    {
      "file_path": "./data\\mill19_lab\\images/0025.jpg",
      "sharpness": 26.402669466934704,
      "transform_matrix": [
        [
          -0.7475506973888991,
          -0.062126819570485665,
          0.6612928346320822,
          2.5220518185586682
        ],
        [
          0.6634883116833968,
          -0.023616646697772664,
          0.7478138232596946,
          3.0999700738363196
        ],
        [
          -0.03084177523069557,
          0.9977888114732115,
          0.0588750593359877,
          0.4034909212709421
        ],
        [
          0.0,
          0.0,
          0.0,
          1.0
        ]
      ]
    },
    {
      "file_path": "./data\\mill19_lab\\images/0028.jpg",
      "sharpness": 31.782423053826886,
      "transform_matrix": [
        [
          -0.6561825217079308,
          -0.05569126710727758,
          0.7525443382188947,
          2.8285608080509146
        ],
        [
          0.7544033129719361,
          -0.025519024639365007,
          0.655914949332942,
          2.7039373754549167
        ],
        [
          -0.017324537133734653,
          0.9981218673898268,
          0.05875881434872053,
          0.41053407298239614
        ],
        [
          0.0,
          0.0,
          0.0,
          1.0
        ]
      ]
    },
    {
      "file_path": "./data\\mill19_lab\\images/0029.jpg",
      "sharpness": 19.870937476923462,
      "transform_matrix": [
        [
          -0.6482447422241546,
          -0.0555652765774117,
          0.7594019056006656,
          2.828204163786887
        ],
        [
          0.7610685808657095,
          -0.016471094403168844,
          0.6484622720469021,
          2.527090176068305
        ],
        [
          -0.02352380501920795,
          0.9983191889873481,
          0.052966286535713204,
          0.40239758615004045
        ],
        [
          0.0,
          0.0,
          0.0,
          1.0
        ]
      ]
    },
    {
      "file_path": "./data\\mill19_lab\\images/0026.jpg",
      "sharpness": 38.99159537898659,
      "transform_matrix": [
        [
          -0.7133095814041625,
          -0.059069245475693574,
          0.6983554004432544,
          2.5938279085258933
        ],
        [
          0.7003500648710984,
          -0.02248105935008308,
          0.7134454349181578,
          2.9694836166686724
        ],
        [
          -0.026442914323877735,
          0.9980007145396971,
          0.05740510493531868,
          0.4001195200191904
        ],
        [
          0.0,
          0.0,
          0.0,
          1.0
        ]
      ]
    },
    {
      "file_path": "./data\\mill19_lab\\images/0027.jpg",
      "sharpness": 43.15059700482047,
      "transform_matrix": [
        [
          -0.6774348818843899,
          -0.05618273622938772,
          0.7334340331402469,
          2.7292634422999527
        ],
        [
          0.7353278091724337,
          -0.0254747170599414,
          0.6772326423382131,
          2.849495721830577
        ],
        [
          -0.019364758434039578,
          0.998095455832161,
          0.05857019028740797,
          0.4098166704492562
        ],
        [
          0.0,
          0.0,
          0.0,
          1.0
        ]
      ]
    },
    {
      "file_path": "./data\\mill19_lab\\images/0032.jpg",
      "sharpness": 41.89894721903508,
      "transform_matrix": [
        [
          -0.5713713952196928,
          -0.05573521552745025,
          0.8187968701009536,
          2.981251053998919
        ],
        [
          0.8203069596097138,
          -0.008242413422744923,
          0.5718641050431909,
          2.0504258103630164
        ],
        [
          -0.025124106834373022,
          0.9984115626250517,
          0.05042946444984605,
          0.4021445661711332
        ],
        [
          0.0,
          0.0,
          0.0,
          1.0
        ]
      ]
    },
    {
      "file_path": "./data\\mill19_lab\\images/0030.jpg",
      "sharpness": 42.37354574829382,
      "transform_matrix": [
        [
          -0.6186225387923341,
          -0.054104603794545805,
          0.7838232239214844,
          2.839043091049076
        ],
        [
          0.7852109940110495,
          -0.007804136428860709,
          0.6191791262137255,
          2.3798480511357316
        ],
        [
          -0.027383377926053942,
          0.9985047758098884,
          0.04731134441679282,
          0.40099250138463555
        ],
        [
          0.0,
          0.0,
          0.0,
          1.0
        ]
      ]
    },
    {
      "file_path": "./data\\mill19_lab\\images/0033.jpg",
      "sharpness": 25.511166511491158,
      "transform_matrix": [
        [
          -0.5609579811592543,
          -0.05191456666648083,
          0.8262148758972286,
          2.961251141642256
        ],
        [
          0.8275807618952844,
          -0.009987032110894207,
          0.5612578210862188,
          1.8761985608920977
        ],
        [
          -0.02088602207378015,
          0.9986015907106135,
          0.048565802006009545,
          0.3947686361095853
        ],
        [
          0.0,
          0.0,
          0.0,
          1.0
        ]
      ]
    },
    {
      "file_path": "./data\\mill19_lab\\images/0038.jpg",
      "sharpness": 31.96844448004382,
      "transform_matrix": [
        [
          -0.2670478972877772,
          -0.07060888693983738,
          0.9610930265336448,
          3.0105283076139346
        ],
        [
          0.9636239036768822,
          -0.008496654179143574,
          0.26712689705512677,
          1.1845937768679131
        ],
        [
          -0.01069545779231216,
          0.9974678901925603,
          0.07030942489976734,
          0.3896859142069925
        ],
        [
          0.0,
          0.0,
          0.0,
          1.0
        ]
      ]
    },
    {
      "file_path": "./data\\mill19_lab\\images/0042.jpg",
      "sharpness": 26.058129021990787,
      "transform_matrix": [
        [
          -0.17824879900547955,
          -0.07030208558972857,
          0.9814708260703148,
          3.1130144716318666
        ],
        [
          0.9839831431516977,
          -0.010575393421737456,
          0.17794756263375575,
          0.6060244283493873
        ],
        [
          -0.002130644661110645,
          0.9974696876737807,
          0.07106111832513588,
          0.3794801790923412
        ],
        [
          0.0,
          0.0,
          0.0,
          1.0
        ]
      ]
    },
    {
      "file_path": "./data\\mill19_lab\\images/0039.jpg",
      "sharpness": 38.284553909791555,
      "transform_matrix": [
        [
          -0.21725481640986424,
          -0.06536941435606378,
          0.973923602971901,
          3.021528357423918
        ],
        [
          0.9760754475647679,
          -0.005575432450903868,
          0.21736061099986956,
          1.061638969372542
        ],
        [
          -0.00877869058442688,
          0.9978455563022022,
          0.06501676992816836,
          0.3851352019465977
        ],
        [
          0.0,
          0.0,
          0.0,
          1.0
        ]
      ]
    },
    {
      "file_path": "./data\\mill19_lab\\images/0041.jpg",
      "sharpness": 32.3597651381559,
      "transform_matrix": [
        [
          -0.17880070381974775,
          -0.07015496543836429,
          0.9813809602545854,
          3.1428856641268466
        ],
        [
          0.9838718617862277,
          -0.007533382760961084,
          0.1787159974078769,
          0.7576272005744823
        ],
        [
          -0.005144696213515065,
          0.9975076586076114,
          0.07037047059919527,
          0.3920642174524314
        ],
        [
          0.0,
          0.0,
          0.0,
          1.0
        ]
      ]
    },
    {
      "file_path": "./data\\mill19_lab\\images/0031.jpg",
      "sharpness": 45.19304211725008,
      "transform_matrix": [
        [
          -0.5887847369881918,
          -0.05650725325992083,
          0.8063122619872978,
          2.913824326334128
        ],
        [
          0.8077908337674589,
          -0.006087623028259743,
          0.5894377912274987,
          2.2195968870616505
        ],
        [
          -0.028398985455818485,
          0.9983836292664285,
          0.04923034074831753,
          0.4056081430919281
        ],
        [
          0.0,
          0.0,
          0.0,
          1.0
        ]
      ]
    },
    {
      "file_path": "./data\\mill19_lab\\images/0040.jpg",
      "sharpness": 46.57926070394153,
      "transform_matrix": [
        [
          -0.18683610574807133,
          -0.06656980535798843,
          0.9801330167971092,
          3.0945664087841824
        ],
        [
          0.9823742505950978,
          -0.006817322043251645,
          0.18680031019217302,
          0.917546066307479
        ],
        [
          -0.0057533778695751416,
          0.9977584803684099,
          0.06667018455300695,
          0.3942977970286888
        ],
        [
          0.0,
          0.0,
          0.0,
          1.0
        ]
      ]
    },
    {
      "file_path": "./data\\mill19_lab\\images/0037.jpg",
      "sharpness": 35.027680107108374,
      "transform_matrix": [
        [
          -0.3292622313845515,
          -0.07547390065329589,
          0.9412173358561506,
          3.024106939805104
        ],
        [
          0.944106193163269,
          -0.009627057160154426,
          0.3295008585743114,
          1.3162856935838607
        ],
        [
          -0.01580756197279781,
          0.9971013038317279,
          0.07442520335118495,
          0.3852164019350948
        ],
        [
          0.0,
          0.0,
          0.0,
          1.0
        ]
      ]
    },
    {
      "file_path": "./data\\mill19_lab\\images/0036.jpg",
      "sharpness": 43.579997206078666,
      "transform_matrix": [
        [
          -0.40582644322106165,
          -0.07244355648564346,
          0.911074546411303,
          3.017997880094081
        ],
        [
          0.9137482494965234,
          -0.01120759896119118,
          0.4061262442487283,
          1.4332642992893654
        ],
        [
          -0.01921027137560791,
          0.9973095411463566,
          0.07074351294952745,
          0.3971630852993104
        ],
        [
          0.0,
          0.0,
          0.0,
          1.0
        ]
      ]
    },
    {
      "file_path": "./data\\mill19_lab\\images/0035.jpg",
      "sharpness": 38.935412439890726,
      "transform_matrix": [
        [
          -0.48019575215827776,
          -0.062085988844234684,
          0.8749613532097785,
          2.973542248515644
        ],
        [
          0.8769166200210728,
          -0.010417666516099284,
          0.48052961797915184,
          1.5929501261963468
        ],
        [
          -0.02071910090896352,
          0.9980164338456119,
          0.05944675469638468,
          0.3912585375608575
        ],
        [
          0.0,
          0.0,
          0.0,
          1.0
        ]
      ]
    },
    {
      "file_path": "./data\\mill19_lab\\images/0048.jpg",
      "sharpness": 46.93747513410008,
      "transform_matrix": [
        [
          -0.11395630550670842,
          -0.05911949224020519,
          0.9917251867754642,
          3.157226636238643
        ],
        [
          0.9934763870344989,
          -0.011117865101920336,
          0.113494764110364,
          -0.27016658072774435
        ],
        [
          0.004316114018619791,
          0.9981889995011743,
          0.06000077038624988,
          0.37802671502003754
        ],
        [
          0.0,
          0.0,
          0.0,
          1.0
        ]
      ]
    },
    {
      "file_path": "./data\\mill19_lab\\images/0044.jpg",
      "sharpness": 37.90237780190263,
      "transform_matrix": [
        [
          -0.16073814811693052,
          -0.06676353150593543,
          0.9847364513478228,
          3.11251719448089
        ],
        [
          0.9869891567337201,
          -0.014871967519064971,
          0.1600975611063,
          0.3192402277363704
        ],
        [
          0.003956289954340255,
          0.9976579852110073,
          0.06828537417947794,
          0.3816580561427721
        ],
        [
          0.0,
          0.0,
          0.0,
          1.0
        ]
      ]
    },
    {
      "file_path": "./data\\mill19_lab\\images/0043.jpg",
      "sharpness": 42.79999719711291,
      "transform_matrix": [
        [
          -0.16712259133666016,
          -0.06604102003118227,
          0.9837218220363254,
          3.0831625711041992
        ],
        [
          0.9859338280240896,
          -0.013347350249522725,
          0.1666023259114195,
          0.46794804778768795
        ],
        [
          0.002127492164059893,
          0.9977276341401378,
          0.06734271944713731,
          0.38118646204111234
        ],
        [
          0.0,
          0.0,
          0.0,
          1.0
        ]
      ]
    },
    {
      "file_path": "./data\\mill19_lab\\images/0047.jpg",
      "sharpness": 44.39860838721138,
      "transform_matrix": [
        [
          -0.1426765160637401,
          -0.06816022899856991,
          0.9874196650660162,
          3.1277936230806973
        ],
        [
          0.9897692667745741,
          -0.010287621572275515,
          0.1423058796779703,
          -0.1433855525942772
        ],
        [
          0.0004585985005288358,
          0.9976213450190248,
          0.068930701883616,
          0.3823390989835218
        ],
        [
          0.0,
          0.0,
          0.0,
          1.0
        ]
      ]
    },
    {
      "file_path": "./data\\mill19_lab\\images/0034.jpg",
      "sharpness": 47.52485370888891,
      "transform_matrix": [
        [
          -0.5347550495990153,
          -0.05211027257874669,
          0.8433988122071495,
          2.9472902655385003
        ],
        [
          0.8447867028465653,
          -0.010173143106919986,
          0.5350064801971731,
          1.729100609956158
        ],
        [
          -0.01929931670168084,
          0.9985895186028213,
          0.04946220500295402,
          0.39556740911494154
        ],
        [
          0.0,
          0.0,
          0.0,
          1.0
        ]
      ]
    },
    {
      "file_path": "./data\\mill19_lab\\images/0046.jpg",
      "sharpness": 47.22886763179431,
      "transform_matrix": [
        [
          -0.1664217403628016,
          -0.07450495590674117,
          0.9832358902584151,
          3.135644959000007
        ],
        [
          0.9860495877865734,
          -0.00937434474198534,
          0.1661876411969333,
          -0.000879794899516679
        ],
        [
          -0.0031646106816475726,
          0.9971765807610571,
          0.07502567582662095,
          0.3766876501640111
        ],
        [
          0.0,
          0.0,
          0.0,
          1.0
        ]
      ]
    },
    {
      "file_path": "./data\\mill19_lab\\images/0049.jpg",
      "sharpness": 36.951263261401486,
      "transform_matrix": [
        [
          -0.10337346834067924,
          -0.05605511661329663,
          0.9930618057084843,
          3.2346196685589357
        ],
        [
          0.9946318571509043,
          -0.0104687324807761,
          0.10294597797292726,
          -0.4335372089839822
        ],
        [
          0.0046254495806962856,
          0.998372790872245,
          0.0568363939255622,
          0.3908437239316352
        ],
        [
          0.0,
          0.0,
          0.0,
          1.0
        ]
      ]
    },
    {
      "file_path": "./data\\mill19_lab\\images/0066.jpg",
      "sharpness": 37.796751299494765,
      "transform_matrix": [
        [
          0.311362388711589,
          -0.07798926362623394,
          0.9470856020799591,
          3.367235437133219
        ],
        [
          0.9500205089285189,
          0.0017573845755882228,
          -0.3121825495037552,
          -2.598859511789125
        ],
        [
          0.02268249352390116,
          0.9969526500144387,
          0.07463858338049519,
          0.3627626132319174
        ],
        [
          0.0,
          0.0,
          0.0,
          1.0
        ]
      ]
    },
    {
      "file_path": "./data\\mill19_lab\\images/0050.jpg",
      "sharpness": 44.93312872324391,
      "transform_matrix": [
        [
          -0.10207142656746285,
          -0.05646440152479974,
          0.9931732956796798,
          3.2575795535806944
        ],
        [
          0.9947769788012071,
          -0.0053604399831431605,
          0.10193148743319334,
          -0.5878660504984441
        ],
        [
          -0.0004316545900964707,
          0.9983902228367193,
          0.05671663451476717,
          0.38280870943222134
        ],
        [
          0.0,
          0.0,
          0.0,
          1.0
        ]
      ]
    },
    {
      "file_path": "./data\\mill19_lab\\images/0051.jpg",
      "sharpness": 29.989221026020935,
      "transform_matrix": [
        [
          -0.07678153289822844,
          -0.04890796366870211,
          0.9958476827848155,
          3.2599954840175607
        ],
        [
          0.9970275143064962,
          0.0026270773882807624,
          0.07700152063575963,
          -0.7495358336582087
        ],
        [
          -0.006382156503304329,
          0.998799834584737,
          0.048560874417483926,
          0.37670777555058177
        ],
        [
          0.0,
          0.0,
          0.0,
          1.0
        ]
      ]
    },
    {
      "file_path": "./data\\mill19_lab\\images/0053.jpg",
      "sharpness": 43.27500253128742,
      "transform_matrix": [
        [
          -0.010536832257972565,
          -0.02979394343105088,
          0.999500523318073,
          3.278311607576285
        ],
        [
          0.999858602466348,
          0.012786335967666304,
          0.010921752907697334,
          -1.004235646308167
        ],
        [
          -0.013105351579303022,
          0.9994742770875434,
          0.0296550031636465,
          0.37723257957333967
        ],
        [
          0.0,
          0.0,
          0.0,
          1.0
        ]
      ]
    },
    {
      "file_path": "./data\\mill19_lab\\images/0052.jpg",
      "sharpness": 47.89762562335299,
      "transform_matrix": [
        [
          -0.03941160257771624,
          -0.039216666757067295,
          0.9984531930155909,
          3.2651050233134247
        ],
        [
          0.9992062943003007,
          0.004241794244483996,
          0.03960793622825424,
          -0.8803426479788247
        ],
        [
          -0.005788524243518815,
          0.999221727266963,
          0.03901836435615889,
          0.38037931114969714
        ],
        [
          0.0,
          0.0,
          0.0,
          1.0
        ]
      ]
    },
    {
      "file_path": "./data\\mill19_lab\\images/0054.jpg",
      "sharpness": 31.76340265596666,
      "transform_matrix": [
        [
          -0.0025104454710151054,
          -0.033958611884701714,
          0.9994200870278266,
          3.270505063722321
        ],
        [
          0.999698436331262,
          0.024328902345793314,
          0.0033377997980160263,
          -1.1522535457985208
        ],
        [
          -0.024428140747613906,
          0.9991270776041582,
          0.03388729481840768,
          0.38133441935853035
        ],
        [
          0.0,
          0.0,
          0.0,
          1.0
        ]
      ]
    },
    {
      "file_path": "./data\\mill19_lab\\images/0055.jpg",
      "sharpness": 38.381050588318054,
      "transform_matrix": [
        [
          -0.004841998968280578,
          -0.04557236869689037,
          0.998949305154998,
          3.2385678847539623
        ],
        [
          0.9997060084623766,
          0.023513184231351864,
          0.005918345337929626,
          -1.2595329109744182
        ],
        [
          -0.023758192065706056,
          0.9986842791347875,
          0.045445119992354746,
          0.3720911471126934
        ],
        [
          0.0,
          0.0,
          0.0,
          1.0
        ]
      ]
    },
    {
      "file_path": "./data\\mill19_lab\\images/0057.jpg",
      "sharpness": 41.89558375200027,
      "transform_matrix": [
        [
          0.020976603973297182,
          -0.053790401151442124,
          0.9983318961357599,
          3.263351814329644
        ],
        [
          0.999779884230298,
          0.0015345051743836612,
          -0.02092434903013836,
          -1.4807339202185785
        ],
        [
          -0.0004064163322086361,
          0.9985510693250282,
          0.05381074974322804,
          0.3708422946580934
        ],
        [
          0.0,
          0.0,
          0.0,
          1.0
        ]
      ]
    },
    {
      "file_path": "./data\\mill19_lab\\images/0058.jpg",
      "sharpness": 37.02542160120973,
      "transform_matrix": [
        [
          0.03863192256832116,
          -0.0749340232831119,
          0.996439896193237,
          3.3440069943865725
        ],
        [
          0.9991635018095069,
          -0.010487087935260712,
          -0.03952616397293278,
          -1.6094437949179545
        ],
        [
          0.013411607305020362,
          0.9971333477291612,
          0.07446620473914696,
          0.38306027157065964
        ],
        [
          0.0,
          0.0,
          0.0,
          1.0
        ]
      ]
    },
    {
      "file_path": "./data\\mill19_lab\\images/0056.jpg",
      "sharpness": 43.04163684617102,
      "transform_matrix": [
        [
          0.0010869640893953567,
          -0.0503698663312608,
          0.9987300411458278,
          3.2249220389917204
        ],
        [
          0.999763398504042,
          0.021751940870101086,
          8.946804484626833e-06,
          -1.3733755641126228
        ],
        [
          -0.02172476744954364,
          0.9984937303991792,
          0.05038159232413598,
          0.3768467797530235
        ],
        [
          0.0,
          0.0,
          0.0,
          1.0
        ]
      ]
    },
    {
      "file_path": "./data\\mill19_lab\\images/0045.jpg",
      "sharpness": 30.441751243475267,
      "transform_matrix": [
        [
          -0.16815311879396308,
          -0.07240550078420246,
          0.9830981497838147,
          3.1482153281336025
        ],
        [
          0.9857604651102946,
          -0.013275035264111543,
          0.16763078137467907,
          0.14136103065054698
        ],
        [
          0.0009132719341821848,
          0.9972869280739847,
          0.07360671871133935,
          0.3891259693261319
        ],
        [
          0.0,
          0.0,
          0.0,
          1.0
        ]
      ]
    },
    {
      "file_path": "./data\\mill19_lab\\images/0060.jpg",
      "sharpness": 31.66957500886214,
      "transform_matrix": [
        [
          0.11387491940904847,
          -0.09989928207855465,
          0.9884597291655738,
          3.344155243101833
        ],
        [
          0.9930843226558759,
          -0.01716178658201952,
          -0.11614215934124521,
          -1.8316967668955306
        ],
        [
          0.028566253254103877,
          0.9948495396459813,
          0.09725411381284688,
          0.3686399472330179
        ],
        [
          0.0,
          0.0,
          0.0,
          1.0
        ]
      ]
    },
    {
      "file_path": "./data\\mill19_lab\\images/0059.jpg",
      "sharpness": 40.985434801176936,
      "transform_matrix": [
        [
          0.07262583274810484,
          -0.09190583890146294,
          0.9931157058499125,
